downloads/notebooks/data/CTD_001.ros
* Sea-Bird SBE 9 Data File:
* FileName = CTD_001.hex
* Software Version Seasave V 7.22h
* Temperature SN = 4369
* Conductivity SN = 4210
* Number of Bytes Per Scan = 48
* Number of Voltage Words = 5
* Number of Scans Averaged by the Deck Unit = 1
* NMEA Latitude = 25 05.99 S
* NMEA Longitude = 057 27.13 W
* NMEA UTC (Time) = Oct 16 2010  20:38:49
** Ship: RV OCEANUS
** Station: CTD_001
** Operator: Mark
# nquan = 32
# nvalues = 1176                                  
# units = specified
# name 0 = scan: Scan Count
# name 1 = timeS: Time, Elapsed [seconds]
# name 2 = prDM: Pressure, Digiquartz [db]
# name 3 = t090C: Temperature [ITS-90, deg C]
# name 4 = t190C: Temperature, 2 [ITS-90, deg C]
# name 5 = c0S/m: Conductivity [S/m]
# name 6 = c1S/m: Conductivity, 2 [S/m]
# name 7 = sbeox0V: Oxygen raw, SBE 43 [V]
# name 8 = par: PAR/Irradiance, Biospherical/Licor
# name 9 = spar: SPAR/Surface Irradiance
# name 10 = ph: pH
# name 11 = altM: Altimeter [m]
# name 12 = v0: Voltage 0
# name 13 = v1: Voltage 1
# name 14 = v2: Voltage 2
# name 15 = v3: Voltage 3
# name 16 = v4: Voltage 4
# name 17 = v5: Voltage 5
# name 18 = v6: Voltage 6
# name 19 = v7: Voltage 7
# name 20 = latitude: Latitude [deg]
# name 21 = longitude: Longitude [deg]
# name 22 = pumps: Pump Status
# name 23 = pla: Plume Anomaly
# name 24 = sbeox0PS: Oxygen, SBE 43 [% saturation]
# name 25 = sbeox0Mm/Kg: Oxygen, SBE 43 [umol/Kg]
# name 26 = dz/dtM: Descent Rate [m/s]
# name 27 = accM: Acceleration [m/s^2]
# name 28 = flSP: Fluorescence, Seapoint
# name 29 = xmiss: Beam Transmission, Chelsea/Seatech [%]
# name 30 = nbf: Bottles Fired
# name 31 = flag:  0.000e+00
# interval = seconds: 0.0416667
# start_time = Oct 16 2010 20:38:40 [NMEA time, first data scan]
# bad_flag = -9.990e-29
*END*
[from data line 454]
     225220   9384.125   2225.704     3.2299     3.2270   3.277103   3.276775     2.0501 1.0000e-12 1.9601e+01     -3.134      98.49     2.0501     0.0000     0.0269     0.0000     4.9243     0.0000     0.0244     4.5983  -21.10002  -37.45326          1 3.0534e+00   63.22664    202.882      0.000      21.95 2.4420e-02    98.8050         10  0.000e+00
     225221   9384.167   2225.681     3.2298     3.2270   3.277097   3.276769     2.0501 1.0000e-12 1.9601e+01     -3.139      98.49     2.0501     0.0000     0.0256     0.0000     4.9243     0.0000     0.0232     4.5983  -21.10002  -37.45326          1 3.0532e+00   63.22649    202.882     -0.549     -13.17 2.3199e-02    98.8050         10  0.000e+00
     225222   9384.208   2225.651     3.2299     3.2272   3.277115   3.276775     2.0501 1.0000e-12 1.9601e+01     -3.139      98.46     2.0501     0.0000     0.0256     0.0000     4.9231     0.0000     0.0244     4.5971  -21.10002  -37.45326          1 3.0534e+00   63.22620    202.880     -0.732      -4.39 2.4420e-02    98.7784         10  0.000e+00
     225223   9384.250   2225.536     3.2301     3.2273   3.277109   3.276803     2.0501 1.0000e-12 1.9601e+01     -3.139      98.46     2.0501     0.0000     0.0256     0.0000     4.9231     0.0000     0.0256     4.5983  -21.10002  -37.45326          1 3.0536e+00   63.22521    202.877     -2.743     -48.28 2.5641e-02    98.8050         10  0.000e+00
     225224   9384.292   2225.567     3.2299     3.2271   3.277115   3.276803     2.0488 1.0000e-12 1.9601e+01     -3.134      98.49     2.0488     0.0000     0.0269     0.0000     4.9243     0.0000     0.0256     4.5983  -21.10002  -37.45326          1 3.0534e+00   63.16760    202.692      0.732      83.39 2.5641e-02    98.8050         10  0.000e+00
     225225   9384.333   2225.536     3.2301     3.2272   3.277109   3.276832     2.0488 1.0000e-12 1.9601e+01     -3.134      98.46     2.0488     0.0000     0.0269     0.0000     4.9231     0.0000     0.0256     4.5983  -21.10002  -37.45326          1 3.0536e+00   63.16731    202.691     -0.732     -35.11 2.5641e-02    98.8050         10  0.000e+00
     225226   9384.375   2225.475     3.2303     3.2270   3.277097   3.276775     2.0501 1.0000e-12 1.9601e+01     -3.134      98.49     2.0501     0.0000     0.0269     0.0000     4.9243     0.0000     0.0256     4.5983  -21.10002  -37.45326          1 3.0537e+00   63.22467    202.874     -1.463     -17.55 2.5641e-02    98.8050         10  0.000e+00
     225227   9384.417   2225.475     3.2301     3.2274   3.277079   3.276803     2.0501 1.0000e-12 1.9601e+01     -3.134      98.49     2.0501     0.0000     0.0269     0.0000     4.9243     0.0000     0.0269     4.5983  -21.10002  -37.45326          1 3.0536e+00   63.22471    202.875      0.000      35.11 2.6862e-02    98.8050         10  0.000e+00
     225228   9384.458   2225.453     3.2301     3.2273   3.277103   3.276803     2.0501 1.0000e-12 1.9601e+01     -3.134      98.49     2.0501     0.0000     0.0269     0.0000     4.9243     0.0000     0.0269     4.5983  -21.10002  -37.45326          1 3.0536e+00   63.22452    202.874     -0.549     -13.17 2.6862e-02    98.8050         10  0.000e+00
     225229   9384.500   2225.361     3.2301     3.2276   3.277121   3.276832     2.0513 1.0000e-12 1.9601e+01     -3.139      98.49     2.0513     0.0000     0.0256     0.0000     4.9243     0.0000     0.0269     4.5983  -21.10002  -37.45326          1 3.0536e+00   63.28167    203.057     -2.195     -39.50 2.6862e-02    98.8050         10  0.000e+00
     225230   9384.542   2225.361     3.2301     3.2275   3.277109   3.276775     2.0501 1.0000e-12 2.1561e+01     -3.139      98.49     2.0501     0.0000     0.0256     0.0000     4.9243     0.0000     0.0269     4.5983  -21.10002  -37.45326          1 3.0536e+00   63.22377    202.872      0.000      52.67 2.6862e-02    98.8050         10  0.000e+00
     225231   9384.583   2225.331     3.2303     3.2274   3.277079   3.276803     2.0488 1.0000e-12 1.9601e+01     -3.139      98.49     2.0488     0.0000     0.0256     0.0000     4.9243     0.0000     0.0256     4.5983  -21.10002  -37.45326          1 3.0537e+00   63.16557    202.685     -0.732     -17.56 2.5641e-02    98.8050         10  0.000e+00
     225232   9384.625   2225.300     3.2299     3.2276   3.277085   3.276832     2.0501 1.0000e-12 1.9601e+01     -3.139      98.49     2.0501     0.0000     0.0256     0.0000     4.9243     0.0000     0.0244     4.5983  -21.10002  -37.45326          1 3.0534e+00   63.22331    202.871     -0.732       0.00 2.4420e-02    98.8050         10  0.000e+00
     225233   9384.667   2225.247     3.2301     3.2276   3.277115   3.276803     2.0501 1.0000e-12 1.9601e+01     -3.134      98.49     2.0501     0.0000     0.0269     0.0000     4.9243     0.0000     0.0256     4.5983  -21.10002  -37.45326          1 3.0536e+00   63.22283    202.869     -1.280     -13.17 2.5641e-02    98.8050         10  0.000e+00
     225234   9384.708   2225.216     3.2301     3.2273   3.277109   3.276775     2.0513 1.0000e-12 1.9601e+01     -3.134      98.49     2.0513     0.0000     0.0269     0.0000     4.9243     0.0000     0.0256     4.5983  -21.10002  -37.45326          1 3.0536e+00   63.28048    203.054     -0.732      13.17 2.5641e-02    98.8050         10  0.000e+00
     225235   9384.750   2225.186     3.2303     3.2276   3.277115   3.276832     2.0513 1.0000e-12 1.9601e+01     -3.134      98.49     2.0513     0.0000     0.0269     0.0000     4.9243     0.0000     0.0256     4.5983  -21.10002  -37.45326          1 3.0538e+00   63.28019    203.052     -0.732       0.00 2.5641e-02    98.8050         10  0.000e+00
     225236   9384.792   2225.186     3.2301     3.2276   3.277085   3.276769     2.0501 1.0000e-12 2.1561e+01     -3.139      98.49     2.0501     0.0000     0.0256     0.0000     4.9243     0.0000     0.0256     4.5983  -21.10002  -37.45326          1 3.0536e+00   63.22233    202.868      0.000      17.56 2.5641e-02    98.8050         10  0.000e+00
     225237   9384.833   2225.102     3.2303     3.2276   3.277050   3.276832     2.0513 1.0000e-12 1.9601e+01     -3.134      98.49     2.0513     0.0000     0.0269     0.0000     4.9243     0.0000     0.0269     4.5983  -21.10002  -37.45326          1 3.0538e+00   63.27950    203.051     -2.012     -48.29 2.6862e-02    98.8050         10  0.000e+00
     225238   9384.875   2225.125     3.2303     3.2275   3.277091   3.276803     2.0513 1.0000e-12 1.9601e+01     -3.139      98.46     2.0513     0.0000     0.0256     0.0000     4.9231     0.0000     0.0281     4.5983  -21.10002  -37.45326          1 3.0538e+00   63.27968    203.051      0.549      61.45 2.8083e-02    98.8050         10  0.000e+00
     225239   9384.917   2225.011     3.2301     3.2277   3.277121   3.276803     2.0501 1.0000e-12 1.9601e+01     -3.139      98.49     2.0501     0.0000     0.0256     0.0000     4.9243     0.0000     0.0269     4.5983  -21.10002  -37.45326          1 3.0536e+00   63.22088    202.862     -2.743     -79.00 2.6862e-02    98.8050         10  0.000e+00
     225240   9384.958   2225.011     3.2304     3.2275   3.277085   3.276803     2.0501 1.0000e-12 1.9601e+01     -3.139      98.49     2.0501     0.0000     0.0256     0.0000     4.9243     0.0000     0.0269     4.5983  -21.10002  -37.45326          1 3.0539e+00   63.22080    202.861     -0.000      65.84 2.6862e-02    98.8050         10  0.000e+00
     225241   9385.000   2224.988     3.2301     3.2279   3.277085   3.276775     2.0501 1.0000e-12 2.1561e+01     -3.134      98.49     2.0501     0.0000     0.0269     0.0000     4.9243     0.0000     0.0269     4.5983  -21.10002  -37.45326          1 3.0536e+00   63.22069    202.862     -0.549     -13.17 2.6862e-02    98.8050         10  0.000e+00
     225242   9385.042   2224.957     3.2304     3.2276   3.277079   3.276832     2.0488 1.0000e-12 1.9601e+01     -3.139      98.49     2.0488     0.0000     0.0256     0.0000     4.9243     0.0000     0.0269     4.5983  -21.10002  -37.45326          1 3.0539e+00   63.16246    202.674     -0.731      -4.39 2.6862e-02    98.8050         10  0.000e+00
     225243   9385.083   2224.896     3.2301     3.2274   3.277085   3.276803     2.0488 1.0000e-12 1.9601e+01     -3.139      98.49     2.0488     0.0000     0.0256     0.0000     4.9243     0.0000     0.0269     4.5983  -21.10002  -37.45326          1 3.0536e+00   63.16204    202.674     -1.463     -17.56 2.6862e-02    98.8050         10  0.000e+00
     225244   9385.125   2224.866     3.2303     3.2278   3.277097   3.276803     2.0501 1.0000e-12 2.1561e+01     -3.139      98.49     2.0501     0.0000     0.0256     0.0000     4.9243     0.0000     0.0244     4.5983  -21.10002  -37.45326          1 3.0538e+00   63.21965    202.858     -0.732      17.56 2.4420e-02    98.8050         10  0.000e+00
     225245   9385.167   2224.835     3.2301     3.2276   3.277097   3.276832     2.0513 1.0000e-12 2.1561e+01     -3.134      98.46     2.0513     0.0000     0.0269     0.0000     4.9231     0.0000     0.0244     4.5983  -21.10002  -37.45326          1 3.0536e+00   63.27734    203.044     -0.732       0.00 2.4420e-02    98.8050         10  0.000e+00
     225246   9385.208   2224.835     3.2303     3.2275   3.277097   3.276803     2.0513 1.0000e-12 1.9601e+01     -3.134      98.49     2.0513     0.0000     0.0269     0.0000     4.9243     0.0000     0.0244     4.5983  -21.10002  -37.45326          1 3.0538e+00   63.27730    203.043     -0.000      17.56 2.4420e-02    98.8050         10  0.000e+00
     225247   9385.250   2224.752     3.2301     3.2276   3.277109   3.276832     2.0513 1.0000e-12 2.1561e+01     -3.139      98.49     2.0513     0.0000     0.0256     0.0000     4.9243     0.0000     0.0256     4.5983  -21.10002  -37.45326          1 3.0536e+00   63.27665    203.041     -2.012     -48.28 2.5641e-02    98.8050         10  0.000e+00
     225248   9385.292   2224.721     3.2304     3.2278   3.277079   3.276803     2.0501 1.0000e-12 1.9601e+01     -3.134      98.49     2.0501     0.0000     0.0269     0.0000     4.9243     0.0000     0.0256     4.5983  -21.10002  -37.45326          1 3.0540e+00   63.21841    202.854     -0.732      30.73 2.5641e-02    98.8050         10  0.000e+00
     225249   9385.333   2224.721     3.2301     3.2276   3.277085   3.276775     2.0501 1.0000e-12 1.9601e+01     -3.134      98.49     2.0501     0.0000     0.0269     0.0000     4.9243     0.0000     0.0244     4.5983  -21.10002  -37.45326          1 3.0536e+00   63.21850    202.855     -0.000      17.56 2.4420e-02    98.8050         10  0.000e+00
     225250   9385.375   2224.637     3.2303     3.2276   3.277097   3.276803     2.0501 1.0000e-12 1.9601e+01     -3.134      98.49     2.0501     0.0000     0.0269     0.0000     4.9243     0.0000     0.0244     4.5983  -21.10002  -37.45326          1 3.0538e+00   63.21777    202.852     -2.012     -48.28 2.4420e-02    98.8050         10  0.000e+00
     225251   9385.417   2224.668     3.2303     3.2272   3.277097   3.276803     2.0513 1.0000e-12 2.1561e+01     -3.139      98.49     2.0513     0.0000     0.0256     0.0000     4.9243     0.0000     0.0244     4.5983  -21.10002  -37.45326          1 3.0538e+00   63.27592    203.038      0.732      65.84 2.4420e-02    98.8050         10  0.000e+00
     225252   9385.458   2224.607     3.2301     3.2273   3.277097   3.276803     2.0513 1.0000e-12 1.9601e+01     -3.139      98.49     2.0513     0.0000     0.0256     0.0000     4.9243     0.0000     0.0256     4.5983  -21.10002  -37.45326          1 3.0536e+00   63.27546    203.037     -1.463     -52.67 2.5641e-02    98.8050         10  0.000e+00
     225253   9385.500   2224.576     3.2301     3.2274   3.277097   3.276803     2.0501 1.0000e-12 1.9601e+01     -3.134      98.49     2.0501     0.0000     0.0269     0.0000     4.9243     0.0000     0.0256     4.5983  -21.10002  -37.45326          1 3.0536e+00   63.21731    202.851     -0.732      17.56 2.5641e-02    98.8050         10  0.000e+00
     225254   9385.542   2224.546     3.2301     3.2275   3.277097   3.276740     2.0513 1.0000e-12 1.9601e+01     -3.134      98.49     2.0513     0.0000     0.0269     0.0000     4.9243     0.0000     0.0269     4.5983  -21.10002  -37.45326          1 3.0537e+00   63.27495    203.036     -0.731       0.00 2.6862e-02    98.8050         10  0.000e+00
     225255   9385.583   2224.492     3.2303     3.2274   3.277079   3.276832     2.0513 1.0000e-12 1.9601e+01     -3.134      98.49     2.0513     0.0000     0.0269     0.0000     4.9243     0.0000     0.0269     4.5983  -21.10002  -37.45326          1 3.0538e+00   63.27447    203.034     -1.280     -13.17 2.6862e-02    98.8050         10  0.000e+00
     225452   9393.792   2224.837     3.2301     3.2272   3.277067   3.276803     2.0513 1.0000e-12 1.9601e+01     -3.139      98.49     2.0513     0.0000     0.0256     0.0000     4.9243     0.0000     0.0244     4.5983  -21.10006  -37.45330          1 3.0536e+00   63.27736    203.044      0.001      17.56 2.4420e-02    98.8050         11  0.000e+00
     225453   9393.833   2224.814     3.2301     3.2272   3.277109   3.276803     2.0513 1.0000e-12 1.9601e+01     -3.134      98.49     2.0513     0.0000     0.0269     0.0000     4.9243     0.0000     0.0244     4.5983  -21.10006  -37.45330          1 3.0536e+00   63.27717    203.043     -0.548     -13.17 2.4420e-02    98.8050         11  0.000e+00
     225454   9393.875   2224.784     3.2303     3.2273   3.277061   3.276832     2.0513 1.0000e-12 2.1561e+01     -3.134      98.49     2.0513     0.0000     0.0269     0.0000     4.9243     0.0000     0.0256     4.5983  -21.10006  -37.45330          1 3.0538e+00   63.27687    203.042     -0.732      -4.40 2.5641e-02    98.8050         11  0.000e+00
     225455   9393.917   2224.784     3.2303     3.2270   3.277103   3.276803     2.0501 1.0000e-12 1.9601e+01     -3.134      98.49     2.0501     0.0000     0.0269     0.0000     4.9243     0.0000     0.0281     4.5983  -21.10006  -37.45330          1 3.0538e+00   63.21897    202.856      0.001      17.57 2.8083e-02    98.8050         11  0.000e+00
     225456   9393.958   2224.868     3.2299     3.2275   3.277126   3.276803     2.0501 1.0000e-12 1.9601e+01     -3.134      98.49     2.0501     0.0000     0.0269     0.0000     4.9243     0.0000     0.0281     4.5983  -21.10006  -37.45330          1 3.0535e+00   63.21975    202.859      2.012      48.28 2.8083e-02    98.8050         11  0.000e+00
     225457   9394.000   2224.784     3.2301     3.2272   3.277109   3.276775     2.0513 1.0000e-12 1.9601e+01     -3.134      98.49     2.0513     0.0000     0.0269     0.0000     4.9243     0.0000     0.0269     4.5983  -21.10006  -37.45330          1 3.0536e+00   63.27692    203.042     -2.011     -96.56 2.6862e-02    98.8050         11  0.000e+00
     225458   9394.042   2224.723     3.2301     3.2274   3.277079   3.276803     2.0513 1.0000e-12 1.9601e+01     -3.139      98.49     2.0513     0.0000     0.0256     0.0000     4.9243     0.0000     0.0244     4.5983  -21.10006  -37.45330          1 3.0536e+00   63.27641    203.041     -1.462      13.17 2.4420e-02    98.8050         11  0.000e+00
     225459   9394.083   2224.784     3.2303     3.2273   3.277085   3.276775     2.0501 1.0000e-12 1.9601e+01     -3.139      98.49     2.0501     0.0000     0.0256     0.0000     4.9243     0.0000     0.0244     4.5983  -21.10006  -37.45330          1 3.0538e+00   63.21897    202.856      1.463      70.21 2.4420e-02    98.8050         11  0.000e+00
