downloads/notebooks/data/CTD_001.ros
* Sea-Bird SBE 9 Data File:
* FileName = CTD_001.hex
* Software Version Seasave V 7.22h
* Temperature SN = 4369
* Conductivity SN = 4210
* Number of Bytes Per Scan = 48
* Number of Voltage Words = 5
* Number of Scans Averaged by the Deck Unit = 1
* NMEA Latitude = 25 05.99 S
* NMEA Longitude = 057 27.13 W
* NMEA UTC (Time) = Oct 16 2010  20:38:49
** Ship: RV OCEANUS
** Station: CTD_001
** Operator: Mark
# nquan = 32
# nvalues = 1176                                  
# units = specified
# name 0 = scan: Scan Count
# name 1 = timeS: Time, Elapsed [seconds]
# name 2 = prDM: Pressure, Digiquartz [db]
# name 3 = t090C: Temperature [ITS-90, deg C]
# name 4 = t190C: Temperature, 2 [ITS-90, deg C]
# name 5 = c0S/m: Conductivity [S/m]
# name 6 = c1S/m: Conductivity, 2 [S/m]
# name 7 = sbeox0V: Oxygen raw, SBE 43 [V]
# name 8 = par: PAR/Irradiance, Biospherical/Licor
# name 9 = spar: SPAR/Surface Irradiance
# name 10 = ph: pH
# name 11 = altM: Altimeter [m]
# name 12 = v0: Voltage 0
# name 13 = v1: Voltage 1
# name 14 = v2: Voltage 2
# name 15 = v3: Voltage 3
# name 16 = v4: Voltage 4
# name 17 = v5: Voltage 5
# name 18 = v6: Voltage 6
# name 19 = v7: Voltage 7
# name 20 = latitude: Latitude [deg]
# name 21 = longitude: Longitude [deg]
# name 22 = pumps: Pump Status
# name 23 = pla: Plume Anomaly
# name 24 = sbeox0PS: Oxygen, SBE 43 [% saturation]
# name 25 = sbeox0Mm/Kg: Oxygen, SBE 43 [umol/Kg]
# name 26 = dz/dtM: Descent Rate [m/s]
# name 27 = accM: Acceleration [m/s^2]
# name 28 = flSP: Fluorescence, Seapoint
# name 29 = xmiss: Beam Transmission, Chelsea/Seatech [%]
# name 30 = nbf: Bottles Fired
# name 31 = flag:  0.000e+00
# interval = seconds: 0.0416667
# start_time = Oct 16 2010 20:38:40 [NMEA time, first data scan]
# bad_flag = -9.990e-29
*END*
[from data line 136]
     108555   4523.083   3859.381     0.9265     0.9233   3.119764   3.119470     1.6398 1.0000e-12 1.7641e+01     -3.215       9.84     1.6398     0.0000     0.0281     0.0000     0.4921     0.0000     0.0330     4.5958  -21.10010  -37.45296          1 6.3836e-01   54.77095    186.460     -3.759    -126.36 3.2967e-02    98.7519          3  0.000e+00
     108556   4523.125   3859.357     0.9267     0.9236   3.119764   3.119470     1.6398 1.0000e-12 1.5681e+01     -3.210       9.82     1.6398     0.0000     0.0293     0.0000     0.4908     0.0000     0.0330     4.5958  -21.10010  -37.45296          1 6.3853e-01   54.77073    186.459     -0.562      76.73 3.2967e-02    98.7519          3  0.000e+00
     108557   4523.167   3859.295     0.9268     0.9238   3.119775   3.119514     1.6386 1.0000e-12 1.7641e+01     -3.210       9.87     1.6386     0.0000     0.0293     0.0000     0.4933     0.0000     0.0317     4.5946  -21.10010  -37.45296          1 6.3871e-01   54.69777    186.210     -1.503     -22.58 3.1746e-02    98.7253          3  0.000e+00
     108558   4523.208   3859.232     0.9269     0.9241   3.119804   3.119526     1.6386 1.0000e-12 1.7641e+01     -3.210       9.99     1.6386     0.0000     0.0293     0.0000     0.4994     0.0000     0.0317     4.5946  -21.10010  -37.45296          1 6.3883e-01   54.69729    186.207     -1.503       0.01 3.1746e-02    98.7253          3  0.000e+00
     108559   4523.250   3859.177     0.9268     0.9239   3.119810   3.119554     1.6386 1.0000e-12 1.7641e+01     -3.210      10.01     1.6386     0.0000     0.0293     0.0000     0.5006     0.0000     0.0317     4.5946  -21.10010  -37.45296          1 6.3872e-01   54.69693    186.206     -1.314       4.53 3.1746e-02    98.7253          3  0.000e+00
     108560   4523.292   3859.193     0.9269     0.9242   3.119775   3.119526     1.6374 1.0000e-12 1.5681e+01     -3.210      10.01     1.6374     0.0000     0.0293     0.0000     0.5006     0.0000     0.0317     4.5946  -21.10010  -37.45296          1 6.3883e-01   54.62455    185.960      0.378      40.60 3.1746e-02    98.7253          3  0.000e+00
     108561   4523.333   3859.052     0.9269     0.9241   3.119822   3.119542     1.6374 1.0000e-12 1.5681e+01     -3.210       9.99     1.6374     0.0000     0.0293     0.0000     0.4994     0.0000     0.0317     4.5946  -21.10010  -37.45296          1 6.3884e-01   54.62354    185.956     -3.383     -90.25 3.1746e-02    98.7253          3  0.000e+00
     108562   4523.375   3859.115     0.9269     0.9241   3.119822   3.119526     1.6374 1.0000e-12 1.7641e+01     -3.210      10.06     1.6374     0.0000     0.0293     0.0000     0.5031     0.0000     0.0317     4.5958  -21.10010  -37.45296          1 6.3884e-01   54.62399    185.957      1.506     117.33 3.1746e-02    98.7519          3  0.000e+00
     108563   4523.417   3858.990     0.9269     0.9242   3.119793   3.119554     1.6386 1.0000e-12 1.5681e+01     -3.205      10.16     1.6386     0.0000     0.0305     0.0000     0.5079     0.0000     0.0317     4.5946  -21.10010  -37.45296          1 6.3885e-01   54.69555    186.201     -3.007    -108.30 3.1746e-02    98.7253          3  0.000e+00
     108564   4523.458   3858.951     0.9268     0.9240   3.119804   3.119554     1.6386 1.0000e-12 1.5681e+01     -3.210      10.18     1.6386     0.0000     0.0293     0.0000     0.5092     0.0000     0.0317     4.5946  -21.10010  -37.45296          1 6.3874e-01   54.69530    186.200     -0.938      49.64 3.1746e-02    98.7253          3  0.000e+00
     108565   4523.500   3858.872     0.9271     0.9241   3.119816   3.119542     1.6386 1.0000e-12 1.5681e+01     -3.220      10.18     1.6386     0.0000     0.0269     0.0000     0.5092     0.0000     0.0317     4.5958  -21.10010  -37.45296          1 6.3903e-01   54.69465    186.197     -1.878     -22.56 3.1746e-02    98.7519          3  0.000e+00
     108666   4527.708   3859.326     0.9262     0.9236   3.119770   3.119582     1.6386 1.0000e-12 1.7641e+01     -3.210      11.28     1.6386     0.0000     0.0293     0.0000     0.5641     0.0000     0.0330     4.5958  -21.10010  -37.45294          1 6.3809e-01   54.69817    186.213      0.566     -54.15 3.2967e-02    98.7519          4  0.000e+00
     108667   4527.750   3859.365     0.9262     0.9235   3.119735   3.119571     1.6398 1.0000e-12 1.7641e+01     -3.210      11.26     1.6398     0.0000     0.0293     0.0000     0.5629     0.0000     0.0330     4.5958  -21.10010  -37.45294          1 6.3808e-01   54.77092    186.461      0.942       9.03 3.2967e-02    98.7519          4  0.000e+00
     108668   4527.792   3859.483     0.9263     0.9236   3.119770   3.119554     1.6386 1.0000e-12 1.5681e+01     -3.210      11.14     1.6386     0.0000     0.0293     0.0000     0.5568     0.0000     0.0330     4.5946  -21.10010  -37.45294          1 6.3818e-01   54.69927    186.217      2.822      45.13 3.2967e-02    98.7253          4  0.000e+00
     108669   4527.833   3859.428     0.9262     0.9238   3.119770   3.119582     1.6386 1.0000e-12 1.5681e+01     -3.205      11.04     1.6386     0.0000     0.0305     0.0000     0.5519     0.0000     0.0317     4.5946  -21.10010  -37.45294          1 6.3807e-01   54.69891    186.216     -1.315     -99.28 3.1746e-02    98.7253          4  0.000e+00
     108670   4527.875   3859.569     0.9265     0.9235   3.119799   3.119571     1.6386 1.0000e-12 1.5681e+01     -3.210      11.04     1.6386     0.0000     0.0293     0.0000     0.5519     0.0000     0.0317     4.5946  -21.10010  -37.45294          1 6.3834e-01   54.69984    186.218      3.386     112.81 3.1746e-02    98.7253          4  0.000e+00
     108671   4527.917   3859.608     0.9265     0.9236   3.119793   3.119582     1.6386 1.0000e-12 1.5681e+01     -3.210      11.04     1.6386     0.0000     0.0293     0.0000     0.5519     0.0000     0.0330     4.5946  -21.10010  -37.45294          1 6.3834e-01   54.70012    186.219      0.942     -58.66 3.2967e-02    98.7253          4  0.000e+00
     108672   4527.958   3859.608     0.9269     0.9236   3.119851   3.119554     1.6386 1.0000e-12 1.5681e+01     -3.210      11.04     1.6386     0.0000     0.0293     0.0000     0.5519     0.0000     0.0330     4.5946  -21.10010  -37.45294          1 6.3878e-01   54.69999    186.216      0.002     -22.56 3.2967e-02    98.7253          4  0.000e+00
     108673   4528.000   3859.671     0.9271     0.9236   3.119857   3.119610     1.6386 1.0000e-12 1.7641e+01     -3.215      10.92     1.6386     0.0000     0.0281     0.0000     0.5458     0.0000     0.0317     4.5946  -21.10010  -37.45294          1 6.3895e-01   54.70039    186.216      1.506      36.10 3.1746e-02    98.7253          4  0.000e+00
     108674   4528.042   3859.757     0.9268     0.9236   3.119863   3.119571     1.6386 1.0000e-12 1.7641e+01     -3.210      10.84     1.6386     0.0000     0.0293     0.0000     0.5421     0.0000     0.0305     4.5946  -21.10010  -37.45294          1 6.3866e-01   54.70109    186.220      2.070      13.54 3.0525e-02    98.7253          4  0.000e+00
     108675   4528.083   3859.734     0.9268     0.9233   3.119810   3.119582     1.6386 1.0000e-12 1.7641e+01     -3.210      10.84     1.6386     0.0000     0.0293     0.0000     0.5421     0.0000     0.0317     4.5946  -21.10010  -37.45294          1 6.3866e-01   54.70092    186.220     -0.562     -63.17 3.1746e-02    98.7253          4  0.000e+00
     108676   4528.125   3859.789     0.9265     0.9235   3.119787   3.119554     1.6374 1.0000e-12 1.5681e+01     -3.210      10.87     1.6374     0.0000     0.0293     0.0000     0.5433     0.0000     0.0317     4.5946  -21.10010  -37.45294          1 6.3832e-01   54.62895    185.977      1.318      45.13 3.1746e-02    98.7253          4  0.000e+00
     108677   4528.167   3859.914     0.9263     0.9231   3.119787   3.119526     1.6386 1.0000e-12 1.5681e+01     -3.210      10.82     1.6386     0.0000     0.0293     0.0000     0.5409     0.0000     0.0317     4.5946  -21.10010  -37.45294          1 6.3814e-01   54.70237    186.227      3.010      40.61 3.1746e-02    98.7253          4  0.000e+00
     108678   4528.208   3859.852     0.9259     0.9230   3.119741   3.119515     1.6386 1.0000e-12 1.7641e+01     -3.210      10.70     1.6386     0.0000     0.0293     0.0000     0.5348     0.0000     0.0330     4.5946  -21.10010  -37.45294          1 6.3770e-01   54.70205    186.228     -1.503    -108.30 3.2967e-02    98.7253          4  0.000e+00
     108679   4528.250   3859.938     0.9259     0.9229   3.119746   3.119554     1.6398 1.0000e-12 1.7641e+01     -3.210      10.67     1.6398     0.0000     0.0293     0.0000     0.5336     0.0000     0.0330     4.5958  -21.10010  -37.45294          1 6.3769e-01   54.77513    186.477      2.070      85.74 3.2967e-02    98.7519          4  0.000e+00
     108680   4528.292   3860.040     0.9257     0.9229   3.119741   3.119498     1.6398 1.0000e-12 1.7641e+01     -3.210      10.67     1.6398     0.0000     0.0293     0.0000     0.5336     0.0000     0.0330     4.5946  -21.10010  -37.45294          1 6.3756e-01   54.77590    186.480      2.446       9.02 3.2967e-02    98.7253          4  0.000e+00
     108681   4528.333   3859.977     0.9256     0.9227   3.119729   3.119470     1.6398 1.0000e-12 1.7641e+01     -3.210      10.67     1.6398     0.0000     0.0293     0.0000     0.5336     0.0000     0.0317     4.5946  -21.10010  -37.45294          1 6.3740e-01   54.77550    186.480     -1.503     -94.76 3.1746e-02    98.7253          4  0.000e+00
     108682   4528.375   3860.040     0.9257     0.9225   3.119764   3.119515     1.6398 1.0000e-12 1.5681e+01     -3.210      10.60     1.6398     0.0000     0.0293     0.0000     0.5299     0.0000     0.0317     4.5958  -21.10010  -37.45294          1 6.3756e-01   54.77590    186.480      1.506      72.20 3.1746e-02    98.7519          4  0.000e+00
     108683   4528.417   3860.118     0.9259     0.9226   3.119764   3.119526     1.6398 1.0000e-12 1.5681e+01     -3.210      10.48     1.6398     0.0000     0.0293     0.0000     0.5238     0.0000     0.0317     4.5958  -21.10010  -37.45294          1 6.3767e-01   54.77643    186.481      1.882       9.03 3.1746e-02    98.7519          4  0.000e+00
     108684   4528.458   3860.158     0.9257     0.9222   3.119758   3.119526     1.6398 1.0000e-12 1.7641e+01     -3.210      10.45     1.6398     0.0000     0.0293     0.0000     0.5226     0.0000     0.0317     4.5946  -21.10010  -37.45294          1 6.3755e-01   54.77675    186.483      0.942     -22.56 3.1746e-02    98.7253          4  0.000e+00
     108685   4528.500   3860.158     0.9257     0.9224   3.119741   3.119470     1.6386 1.0000e-12 1.7641e+01     -3.215      10.48     1.6386     0.0000     0.0281     0.0000     0.5238     0.0000     0.0317     4.5946  -21.10010  -37.45294          1 6.3755e-01   54.70428    186.236      0.001     -22.58 3.1746e-02    98.7253          4  0.000e+00
     108686   4528.542   3860.220     0.9257     0.9222   3.119729   3.119487     1.6398 1.0000e-12 1.7641e+01     -3.210      10.45     1.6398     0.0000     0.0293     0.0000     0.5226     0.0000     0.0317     4.5946  -21.10010  -37.45294          1 6.3755e-01   54.77720    186.485      1.506      36.11 3.1746e-02    98.7253          4  0.000e+00
     108687   4528.583   3860.244     0.9256     0.9222   3.119723   3.119470     1.6398 1.0000e-12 1.7641e+01     -3.210      10.35     1.6398     0.0000     0.0293     0.0000     0.5177     0.0000     0.0317     4.5946  -21.10010  -37.45294          1 6.3738e-01   54.77742    186.486      0.566     -22.56 3.1746e-02    98.7253          4  0.000e+00
     108688   4528.625   3860.220     0.9254     0.9222   3.119729   3.119498     1.6386 1.0000e-12 1.5681e+01     -3.210      10.28     1.6386     0.0000     0.0293     0.0000     0.5140     0.0000     0.0317     4.5946  -21.10010  -37.45294          1 6.3721e-01   54.70483    186.240     -0.562     -27.07 3.1746e-02    98.7253          4  0.000e+00
     108689   4528.667   3860.346     0.9256     0.9222   3.119729   3.119487     1.6386 1.0000e-12 1.5681e+01     -3.210      10.26     1.6386     0.0000     0.0293     0.0000     0.5128     0.0000     0.0317     4.5946  -21.10010  -37.45294          1 6.3736e-01   54.70568    186.242      3.010      85.74 3.1746e-02    98.7253          4  0.000e+00
     108690   4528.708   3860.283     0.9254     0.9225   3.119706   3.119442     1.6398 1.0000e-12 1.5681e+01     -3.210      10.26     1.6398     0.0000     0.0293     0.0000     0.5128     0.0000     0.0317     4.5946  -21.10010  -37.45294          1 6.3720e-01   54.77775    186.488     -1.503    -108.30 3.1746e-02    98.7253          4  0.000e+00
     108691   4528.750   3860.362     0.9251     0.9225   3.119718   3.119498     1.6386 1.0000e-12 1.7641e+01     -3.210      10.26     1.6386     0.0000     0.0293     0.0000     0.5128     0.0000     0.0317     4.5946  -21.10010  -37.45294          1 6.3691e-01   54.70593    186.245      1.882      81.23 3.1746e-02    98.7253          4  0.000e+00
     108692   4528.792   3860.346     0.9252     0.9229   3.119729   3.119526     1.6398 1.0000e-12 1.7641e+01     -3.210      10.16     1.6398     0.0000     0.0293     0.0000     0.5079     0.0000     0.0317     4.5958  -21.10010  -37.45294          1 6.3703e-01   54.77825    186.490     -0.374     -54.15 3.1746e-02    98.7519          4  0.000e+00
     108693   4528.833   3860.401     0.9254     0.9227   3.119729   3.119515     1.6398 1.0000e-12 1.7641e+01     -3.210      10.09     1.6398     0.0000     0.0293     0.0000     0.5043     0.0000     0.0317     4.5946  -21.10010  -37.45294          1 6.3719e-01   54.77860    186.491      1.317      40.60 3.1746e-02    98.7253          4  0.000e+00
     108694   4528.875   3860.464     0.9254     0.9229   3.119723   3.119554     1.6398 1.0000e-12 1.5681e+01     -3.210      10.11     1.6398     0.0000     0.0293     0.0000     0.5055     0.0000     0.0317     4.5958  -21.10010  -37.45294          1 6.3718e-01   54.77905    186.493      1.506       4.53 3.1746e-02    98.7519          4  0.000e+00
     108695   4528.917   3860.425     0.9254     0.9230   3.119712   3.119498     1.6398 1.0000e-12 1.5681e+01     -3.210      10.11     1.6398     0.0000     0.0293     0.0000     0.5055     0.0000     0.0317     4.5958  -21.10010  -37.45294          1 6.3719e-01   54.77877    186.492     -0.938     -58.66 3.1746e-02    98.7519          4  0.000e+00
     108696   4528.958   3860.464     0.9254     0.9229   3.119718   3.119526     1.6398 1.0000e-12 1.5681e+01     -3.210      10.09     1.6398     0.0000     0.0293     0.0000     0.5043     0.0000     0.0330     4.5946  -21.10010  -37.45294          1 6.3718e-01   54.77905    186.493      0.942      45.13 3.2967e-02    98.7253          4  0.000e+00
     108697   4529.000   3860.464     0.9257     0.9227   3.119747   3.119515     1.6398 1.0000e-12 1.7641e+01     -3.210       9.99     1.6398     0.0000     0.0293     0.0000     0.4994     0.0000     0.0317     4.5946  -21.10010  -37.45294          1 6.3752e-01   54.77895    186.491      0.002     -22.56 3.1746e-02    98.7253          4  0.000e+00
     108698   4529.042   3860.527     0.9254     0.9227   3.119735   3.119498     1.6386 1.0000e-12 1.7641e+01     -3.215       9.91     1.6386     0.0000     0.0281     0.0000     0.4957     0.0000     0.0317     4.5946  -21.10010  -37.45294          1 6.3718e-01   54.70703    186.247      1.506      36.10 3.1746e-02    98.7253          4  0.000e+00
     108699   4529.083   3860.488     0.9254     0.9229   3.119747   3.119526     1.6386 1.0000e-12 1.7641e+01     -3.210       9.91     1.6386     0.0000     0.0293     0.0000     0.4957     0.0000     0.0330     4.5946  -21.10010  -37.45294          1 6.3718e-01   54.70675    186.246     -0.938     -58.66 3.2967e-02    98.7253          4  0.000e+00
