downloads/notebooks/data/CTD_001.ros
* Sea-Bird SBE 9 Data File:
* FileName = CTD_001.hex
* Software Version Seasave V 7.22h
* Temperature SN = 4369
* Conductivity SN = 4210
* Number of Bytes Per Scan = 48
* Number of Voltage Words = 5
* Number of Scans Averaged by the Deck Unit = 1
* NMEA Latitude = 25 05.99 S
* NMEA Longitude = 057 27.13 W
* NMEA UTC (Time) = Oct 16 2010  20:38:49
** Ship: RV OCEANUS
** Station: CTD_001
** Operator: Mark
# nquan = 32
# nvalues = 1176                                  
# units = specified
# name 0 = scan: Scan Count
# name 1 = timeS: Time, Elapsed [seconds]
# name 2 = prDM: Pressure, Digiquartz [db]
# name 3 = t090C: Temperature [ITS-90, deg C]
# name 4 = t190C: Temperature, 2 [ITS-90, deg C]
# name 5 = c0S/m: Conductivity [S/m]
# name 6 = c1S/m: Conductivity, 2 [S/m]
# name 7 = sbeox0V: Oxygen raw, SBE 43 [V]
# name 8 = par: PAR/Irradiance, Biospherical/Licor
# name 9 = spar: SPAR/Surface Irradiance
# name 10 = ph: pH
# name 11 = altM: Altimeter [m]
# name 12 = v0: Voltage 0
# name 13 = v1: Voltage 1
# name 14 = v2: Voltage 2
# name 15 = v3: Voltage 3
# name 16 = v4: Voltage 4
# name 17 = v5: Voltage 5
# name 18 = v6: Voltage 6
# name 19 = v7: Voltage 7
# name 20 = latitude: Latitude [deg]
# name 21 = longitude: Longitude [deg]
# name 22 = pumps: Pump Status
# name 23 = pla: Plume Anomaly
# name 24 = sbeox0PS: Oxygen, SBE 43 [% saturation]
# name 25 = sbeox0Mm/Kg: Oxygen, SBE 43 [umol/Kg]
# name 26 = dz/dtM: Descent Rate [m/s]
# name 27 = accM: Acceleration [m/s^2]
# name 28 = flSP: Fluorescence, Seapoint
# name 29 = xmiss: Beam Transmission, Chelsea/Seatech [%]
# name 30 = nbf: Bottles Fired
# name 31 = flag:  0.000e+00
# interval = seconds: 0.0416667
# start_time = Oct 16 2010 20:38:40 [NMEA time, first data scan]
# bad_flag = -9.990e-29
*END*
[from data line 227]
     108977   4540.667   3857.920     0.9275     0.9238   3.119827   3.119514     1.6386 1.0000e-12 1.7641e+01     -3.210      11.55     1.6386     0.0000     0.0293     0.0000     0.5775     0.0000     0.0330     4.5946  -21.10010  -37.45296          1 6.3946e-01   54.68771    186.172      3.010     157.93 3.2967e-02    98.7253          5  0.000e+00
     108978   4540.708   3857.920     0.9275     0.9238   3.119833   3.119525     1.6374 1.0000e-12 1.7641e+01     -3.210      11.55     1.6374     0.0000     0.0293     0.0000     0.5775     0.0000     0.0317     4.5946  -21.10012  -37.45294          1 6.3946e-01   54.61526    185.925      0.001     -72.21 3.1746e-02    98.7253          5  0.000e+00
     108979   4540.750   3857.857     0.9275     0.9239   3.119821   3.119497     1.6386 1.0000e-12 1.7641e+01     -3.215      11.55     1.6386     0.0000     0.0281     0.0000     0.5775     0.0000     0.0317     4.5946  -21.10012  -37.45294          1 6.3947e-01   54.68726    186.170     -1.502     -36.09 3.1746e-02    98.7253          5  0.000e+00
     108980   4540.792   3857.943     0.9273     0.9238   3.119792   3.119525     1.6374 1.0000e-12 1.7641e+01     -3.210      11.60     1.6374     0.0000     0.0293     0.0000     0.5800     0.0000     0.0330     4.5946  -21.10012  -37.45294          1 6.3930e-01   54.61548    185.927      2.070      85.74 3.2967e-02    98.7253          5  0.000e+00
     108981   4540.833   3857.857     0.9273     0.9238   3.119804   3.119514     1.6386 1.0000e-12 1.5681e+01     -3.210      11.62     1.6386     0.0000     0.0293     0.0000     0.5812     0.0000     0.0330     4.5946  -21.10012  -37.45294          1 6.3930e-01   54.68731    186.171     -2.066     -99.28 3.2967e-02    98.7253          5  0.000e+00
     108982   4540.875   3857.983     0.9273     0.9235   3.119816   3.119525     1.6374 1.0000e-12 1.5681e+01     -3.210      11.65     1.6374     0.0000     0.0293     0.0000     0.5824     0.0000     0.0330     4.5946  -21.10012  -37.45294          1 6.3929e-01   54.61576    185.927      3.010     121.83 3.2967e-02    98.7253          5  0.000e+00
     108983   4540.917   3857.920     0.9275     0.9236   3.119810   3.119525     1.6361 1.0000e-12 1.5681e+01     -3.210      11.62     1.6361     0.0000     0.0293     0.0000     0.5812     0.0000     0.0317     4.5946  -21.10012  -37.45294          1 6.3947e-01   54.54282    185.679     -1.502    -108.30 3.1746e-02    98.7253          5  0.000e+00
     108984   4540.958   3857.920     0.9273     0.9238   3.119816   3.119497     1.6386 1.0000e-12 1.7641e+01     -3.210      11.62     1.6386     0.0000     0.0293     0.0000     0.5812     0.0000     0.0317     4.5946  -21.10012  -37.45294          1 6.3930e-01   54.68776    186.173      0.002      36.10 3.1746e-02    98.7253          5  0.000e+00
     108985   4541.000   3857.983     0.9275     0.9238   3.119833   3.119542     1.6386 1.0000e-12 1.7641e+01     -3.210      11.67     1.6386     0.0000     0.0293     0.0000     0.5836     0.0000     0.0305     4.5946  -21.10012  -37.45294          1 6.3946e-01   54.68817    186.173      1.506      36.10 3.0525e-02    98.7253          5  0.000e+00
     108986   4541.042   3857.944     0.9273     0.9239   3.119845   3.119553     1.6398 1.0000e-12 1.7641e+01     -3.210      11.67     1.6398     0.0000     0.0293     0.0000     0.5836     0.0000     0.0317     4.5946  -21.10012  -37.45294          1 6.3929e-01   54.76038    186.419     -0.938     -58.67 3.1746e-02    98.7253          5  0.000e+00
     108987   4541.083   3858.038     0.9275     0.9236   3.119822   3.119525     1.6386 1.0000e-12 1.7641e+01     -3.210      11.67     1.6386     0.0000     0.0293     0.0000     0.5836     0.0000     0.0305     4.5946  -21.10012  -37.45294          1 6.3945e-01   54.68856    186.175      2.258      76.72 3.0525e-02    98.7253          5  0.000e+00
     108988   4541.125   3857.983     0.9276     0.9239   3.119816   3.119525     1.6386 1.0000e-12 1.5681e+01     -3.210      11.67     1.6386     0.0000     0.0293     0.0000     0.5836     0.0000     0.0305     4.5958  -21.10012  -37.45294          1 6.3957e-01   54.68813    186.173     -1.314     -85.74 3.0525e-02    98.7519          5  0.000e+00
     108989   4541.167   3858.038     0.9275     0.9237   3.119833   3.119542     1.6386 1.0000e-12 1.5681e+01     -3.210      11.70     1.6386     0.0000     0.0293     0.0000     0.5849     0.0000     0.0317     4.5946  -21.10012  -37.45294          1 6.3945e-01   54.68856    186.174      1.318      63.17 3.1746e-02    98.7253          5  0.000e+00
     108990   4541.208   3858.101     0.9273     0.9238   3.119845   3.119525     1.6374 1.0000e-12 1.5681e+01     -3.210      11.70     1.6374     0.0000     0.0293     0.0000     0.5849     0.0000     0.0317     4.5946  -21.10012  -37.45294          1 6.3928e-01   54.61661    185.930      1.506       4.50 3.1746e-02    98.7253          5  0.000e+00
     108991   4541.250   3858.062     0.9275     0.9239   3.119822   3.119553     1.6386 1.0000e-12 1.7641e+01     -3.210      11.72     1.6386     0.0000     0.0293     0.0000     0.5861     0.0000     0.0330     4.5946  -21.10012  -37.45294          1 6.3945e-01   54.68873    186.175     -0.938     -58.65 3.2967e-02    98.7253          5  0.000e+00
     108992   4541.292   3858.164     0.9271     0.9239   3.119833   3.119525     1.6386 1.0000e-12 1.5681e+01     -3.210      11.72     1.6386     0.0000     0.0293     0.0000     0.5861     0.0000     0.0342     4.5946  -21.10012  -37.45294          1 6.3910e-01   54.68956    186.179      2.446      81.22 3.4188e-02    98.7253          5  0.000e+00
     108993   4541.333   3858.101     0.9275     0.9236   3.119827   3.119514     1.6398 1.0000e-12 1.7641e+01     -3.210      11.72     1.6398     0.0000     0.0293     0.0000     0.5861     0.0000     0.0330     4.5958  -21.10012  -37.45294          1 6.3945e-01   54.76146    186.423     -1.502     -94.76 3.2967e-02    98.7519          5  0.000e+00
     108994   4541.375   3858.164     0.9276     0.9239   3.119816   3.119553     1.6398 1.0000e-12 1.5681e+01     -3.210      11.70     1.6398     0.0000     0.0293     0.0000     0.5849     0.0000     0.0317     4.5946  -21.10012  -37.45294          1 6.3955e-01   54.76188    186.424      1.506      72.20 3.1746e-02    98.7253          5  0.000e+00
     109391   4557.917   3859.004     0.9276     0.9239   3.119857   3.119570     1.6398 1.0000e-12 1.5681e+01     -3.210      11.48     1.6398     0.0000     0.0293     0.0000     0.5739     0.0000     0.0317     4.5946  -21.10012  -37.45294          1 6.3947e-01   54.76793    186.444      1.882      45.12 3.1746e-02    98.7253          6  0.000e+00
     109392   4557.958   3859.043     0.9276     0.9242   3.119863   3.119610     1.6398 1.0000e-12 1.5681e+01     -3.205      11.50     1.6398     0.0000     0.0305     0.0000     0.5751     0.0000     0.0305     4.5946  -21.10012  -37.45294          1 6.3946e-01   54.76821    186.445      0.942     -22.56 3.0525e-02    98.7253          6  0.000e+00
     109393   4558.000   3859.043     0.9276     0.9239   3.119868   3.119582     1.6386 1.0000e-12 1.5681e+01     -3.210      11.38     1.6386     0.0000     0.0293     0.0000     0.5690     0.0000     0.0305     4.5958  -21.10012  -37.45294          1 6.3946e-01   54.69575    186.199      0.002     -22.56 3.0525e-02    98.7519          6  0.000e+00
     109394   4558.042   3859.169     0.9274     0.9239   3.119874   3.119582     1.6386 1.0000e-12 1.5681e+01     -3.210      11.31     1.6386     0.0000     0.0293     0.0000     0.5653     0.0000     0.0317     4.5958  -21.10012  -37.45294          1 6.3922e-01   54.69672    186.203      3.010      72.20 3.1746e-02    98.7519          6  0.000e+00
     109395   4558.083   3859.169     0.9275     0.9242   3.119874   3.119571     1.6386 1.0000e-12 1.5681e+01     -3.210      11.31     1.6386     0.0000     0.0293     0.0000     0.5653     0.0000     0.0317     4.5958  -21.10012  -37.45294          1 6.3933e-01   54.69668    186.202      0.002     -72.20 3.1746e-02    98.7519          6  0.000e+00
     109396   4558.125   3859.247     0.9275     0.9238   3.119874   3.119582     1.6386 1.0000e-12 1.5681e+01     -3.205      11.31     1.6386     0.0000     0.0305     0.0000     0.5653     0.0000     0.0317     4.5958  -21.10012  -37.45294          1 6.3933e-01   54.69725    186.204      1.882      45.12 3.1746e-02    98.7519          6  0.000e+00
     109397   4558.167   3859.349     0.9273     0.9239   3.119892   3.119582     1.6386 1.0000e-12 1.5681e+01     -3.210      11.31     1.6386     0.0000     0.0293     0.0000     0.5653     0.0000     0.0330     4.5958  -21.10012  -37.45294          1 6.3915e-01   54.69803    186.207      2.446      13.54 3.2967e-02    98.7519          6  0.000e+00
     109398   4558.208   3859.349     0.9275     0.9241   3.119863   3.119610     1.6374 1.0000e-12 1.5681e+01     -3.215      11.18     1.6374     0.0000     0.0281     0.0000     0.5592     0.0000     0.0342     4.5958  -21.10012  -37.45294          1 6.3932e-01   54.62552    185.960      0.002     -58.66 3.4188e-02    98.7519          6  0.000e+00
     109399   4558.250   3859.349     0.9273     0.9241   3.119863   3.119571     1.6398 1.0000e-12 1.5681e+01     -3.210      11.14     1.6398     0.0000     0.0293     0.0000     0.5568     0.0000     0.0342     4.5946  -21.10012  -37.45294          1 6.3915e-01   54.77049    186.454      0.002       0.00 3.4188e-02    98.7253          6  0.000e+00
     109400   4558.292   3859.498     0.9275     0.9241   3.119874   3.119610     1.6386 1.0000e-12 1.5681e+01     -3.210      11.14     1.6386     0.0000     0.0293     0.0000     0.5568     0.0000     0.0330     4.5958  -21.10012  -37.45294          1 6.3930e-01   54.69905    186.210      3.574      85.74 3.2967e-02    98.7519          6  0.000e+00
     109401   4558.333   3859.529     0.9276     0.9241   3.119851   3.119582     1.6386 1.0000e-12 1.5681e+01     -3.210      11.14     1.6386     0.0000     0.0293     0.0000     0.5568     0.0000     0.0342     4.5958  -21.10012  -37.45294          1 6.3941e-01   54.69924    186.211      0.754     -67.69 3.4188e-02    98.7519          6  0.000e+00
     109402   4558.375   3859.592     0.9275     0.9241   3.119845   3.119610     1.6386 1.0000e-12 1.7641e+01     -3.215      11.09     1.6386     0.0000     0.0281     0.0000     0.5543     0.0000     0.0342     4.5958  -21.10012  -37.45294          1 6.3929e-01   54.69973    186.213      1.506      18.05 3.4188e-02    98.7519          6  0.000e+00
     109403   4558.417   3859.655     0.9273     0.9238   3.119886   3.119599     1.6386 1.0000e-12 1.5681e+01     -3.210      10.94     1.6386     0.0000     0.0293     0.0000     0.5470     0.0000     0.0330     4.5946  -21.10012  -37.45294          1 6.3912e-01   54.70023    186.215      1.506       0.00 3.2967e-02    98.7253          6  0.000e+00
     109404   4558.458   3859.718     0.9276     0.9239   3.119903   3.119610     1.6386 1.0000e-12 1.5681e+01     -3.210      10.92     1.6386     0.0000     0.0293     0.0000     0.5458     0.0000     0.0317     4.5946  -21.10012  -37.45294          1 6.3939e-01   54.70060    186.215      1.506       0.00 3.1746e-02    98.7253          6  0.000e+00
     109405   4558.500   3859.679     0.9275     0.9239   3.119880   3.119638     1.6374 1.0000e-12 1.7641e+01     -3.210      10.92     1.6374     0.0000     0.0293     0.0000     0.5458     0.0000     0.0305     4.5946  -21.10012  -37.45294          1 6.3928e-01   54.62788    185.968     -0.938     -58.66 3.0525e-02    98.7253          6  0.000e+00
     109406   4558.542   3859.780     0.9275     0.9239   3.119874   3.119627     1.6374 1.0000e-12 1.5681e+01     -3.210      10.94     1.6374     0.0000     0.0293     0.0000     0.5470     0.0000     0.0305     4.5958  -21.10012  -37.45294          1 6.3927e-01   54.62861    185.971      2.446      81.23 3.0525e-02    98.7519          6  0.000e+00
     109407   4558.583   3859.835     0.9273     0.9241   3.119874   3.119610     1.6386 1.0000e-12 1.5681e+01     -3.210      10.87     1.6386     0.0000     0.0293     0.0000     0.5433     0.0000     0.0317     4.5958  -21.10012  -37.45294          1 6.3910e-01   54.70152    186.219      1.318     -27.08 3.1746e-02    98.7519          6  0.000e+00
     109408   4558.625   3859.898     0.9273     0.9239   3.119892   3.119582     1.6386 1.0000e-12 1.7641e+01     -3.210      10.74     1.6386     0.0000     0.0293     0.0000     0.5372     0.0000     0.0317     4.5958  -21.10012  -37.45294          1 6.3909e-01   54.70197    186.221      1.506       4.51 3.1746e-02    98.7519          6  0.000e+00
     109409   4558.667   3859.984     0.9273     0.9238   3.119904   3.119582     1.6386 1.0000e-12 1.7641e+01     -3.210      10.72     1.6386     0.0000     0.0293     0.0000     0.5360     0.0000     0.0317     4.5946  -21.10012  -37.45294          1 6.3908e-01   54.70259    186.223      2.070      13.54 3.1746e-02    98.7253          6  0.000e+00
     109410   4558.708   3859.961     0.9271     0.9238   3.119904   3.119599     1.6386 1.0000e-12 1.7641e+01     -3.210      10.74     1.6386     0.0000     0.0293     0.0000     0.5372     0.0000     0.0330     4.5946  -21.10012  -37.45294          1 6.3891e-01   54.70247    186.223     -0.562     -63.18 3.2967e-02    98.7253          6  0.000e+00
     109411   4558.750   3860.024     0.9273     0.9236   3.119880   3.119610     1.6386 1.0000e-12 1.5681e+01     -3.210      10.74     1.6386     0.0000     0.0293     0.0000     0.5372     0.0000     0.0342     4.5946  -21.10010  -37.45294          1 6.3908e-01   54.70288    186.224      1.506      49.64 3.4188e-02    98.7253          6  0.000e+00
     109412   4558.792   3860.086     0.9275     0.9238   3.119869   3.119610     1.6386 1.0000e-12 1.5681e+01     -3.205      10.62     1.6386     0.0000     0.0305     0.0000     0.5311     0.0000     0.0330     4.5946  -21.10010  -37.45294          1 6.3924e-01   54.70328    186.225      1.506       0.00 3.2967e-02    98.7253          6  0.000e+00
     109413   4558.833   3860.110     0.9275     0.9239   3.119857   3.119610     1.6386 1.0000e-12 1.5681e+01     -3.205      10.53     1.6386     0.0000     0.0305     0.0000     0.5263     0.0000     0.0317     4.5946  -21.10010  -37.45294          1 6.3924e-01   54.70345    186.226      0.566     -22.56 3.1746e-02    98.7253          6  0.000e+00
     109414   4558.875   3860.204     0.9273     0.9238   3.119863   3.119627     1.6398 1.0000e-12 1.5681e+01     -3.210      10.53     1.6398     0.0000     0.0293     0.0000     0.5263     0.0000     0.0317     4.5946  -21.10010  -37.45294          1 6.3906e-01   54.77664    186.476      2.258      40.61 3.1746e-02    98.7253          6  0.000e+00
     109415   4558.917   3860.141     0.9275     0.9238   3.119874   3.119582     1.6386 1.0000e-12 1.7641e+01     -3.210      10.53     1.6386     0.0000     0.0293     0.0000     0.5263     0.0000     0.0330     4.5946  -21.10010  -37.45294          1 6.3924e-01   54.70367    186.226     -1.503     -90.25 3.2967e-02    98.7253          6  0.000e+00
     109416   4558.958   3860.267     0.9275     0.9237   3.119869   3.119582     1.6398 1.0000e-12 1.7641e+01     -3.215      10.53     1.6398     0.0000     0.0281     0.0000     0.5263     0.0000     0.0330     4.5946  -21.10010  -37.45294          1 6.3922e-01   54.77704    186.476      3.010     108.30 3.2967e-02    98.7253          6  0.000e+00
