downloads/notebooks/data/CTD_001.ros
* Sea-Bird SBE 9 Data File:
* FileName = CTD_001.hex
* Software Version Seasave V 7.22h
* Temperature SN = 4369
* Conductivity SN = 4210
* Number of Bytes Per Scan = 48
* Number of Voltage Words = 5
* Number of Scans Averaged by the Deck Unit = 1
* NMEA Latitude = 25 05.99 S
* NMEA Longitude = 057 27.13 W
* NMEA UTC (Time) = Oct 16 2010  20:38:49
** Ship: RV OCEANUS
** Station: CTD_001
** Operator: Mark
# nquan = 32
# nvalues = 1176                                  
# units = specified
# name 0 = scan: Scan Count
# name 1 = timeS: Time, Elapsed [seconds]
# name 2 = prDM: Pressure, Digiquartz [db]
# name 3 = t090C: Temperature [ITS-90, deg C]
# name 4 = t190C: Temperature, 2 [ITS-90, deg C]
# name 5 = c0S/m: Conductivity [S/m]
# name 6 = c1S/m: Conductivity, 2 [S/m]
# name 7 = sbeox0V: Oxygen raw, SBE 43 [V]
# name 8 = par: PAR/Irradiance, Biospherical/Licor
# name 9 = spar: SPAR/Surface Irradiance
# name 10 = ph: pH
# name 11 = altM: Altimeter [m]
# name 12 = v0: Voltage 0
# name 13 = v1: Voltage 1
# name 14 = v2: Voltage 2
# name 15 = v3: Voltage 3
# name 16 = v4: Voltage 4
# name 17 = v5: Voltage 5
# name 18 = v6: Voltage 6
# name 19 = v7: Voltage 7
# name 20 = latitude: Latitude [deg]
# name 21 = longitude: Longitude [deg]
# name 22 = pumps: Pump Status
# name 23 = pla: Plume Anomaly
# name 24 = sbeox0PS: Oxygen, SBE 43 [% saturation]
# name 25 = sbeox0Mm/Kg: Oxygen, SBE 43 [umol/Kg]
# name 26 = dz/dtM: Descent Rate [m/s]
# name 27 = accM: Acceleration [m/s^2]
# name 28 = flSP: Fluorescence, Seapoint
# name 29 = xmiss: Beam Transmission, Chelsea/Seatech [%]
# name 30 = nbf: Bottles Fired
# name 31 = flag:  0.000e+00
# interval = seconds: 0.0416667
# start_time = Oct 16 2010 20:38:40 [NMEA time, first data scan]
# bad_flag = -9.990e-29
*END*
[from data line 318]
     154019   6417.417   3246.785     2.4421     2.4402   3.242490   3.242354     1.8657 1.0000e-12 1.7641e+01     -3.158      98.46     1.8657     0.0000     0.0281     0.0000     4.9231     0.0000     0.0293     4.5983  -21.10052  -37.45356          1 2.1787e+00   62.45523    204.408      2.234      40.20 2.9304e-02    98.8050          7  0.000e+00
     154020   6417.458   3246.785     2.4416     2.4401   3.242437   3.242360     1.8657 1.0000e-12 1.7641e+01     -3.158      98.46     1.8657     0.0000     0.0281     0.0000     4.9231     0.0000     0.0293     4.5983  -21.10052  -37.45356          1 2.1783e+00   62.45536    204.411      0.001     -53.60 2.9304e-02    98.8050          7  0.000e+00
     154021   6417.500   3246.808     2.4411     2.4399   3.242384   3.242360     1.8669 1.0000e-12 1.7641e+01     -3.163      98.46     1.8669     0.0000     0.0269     0.0000     4.9231     0.0000     0.0293     4.5995  -21.10052  -37.45356          1 2.1778e+00   62.52207    204.632      0.560      13.40 2.9304e-02    98.8316          7  0.000e+00
     154022   6417.542   3246.909     2.4408     2.4401   3.242384   3.242326     1.8657 1.0000e-12 1.7641e+01     -3.163      98.46     1.8657     0.0000     0.0269     0.0000     4.9231     0.0000     0.0269     4.5995  -21.10052  -37.45356          1 2.1774e+00   62.45661    204.419      2.420      44.66 2.6862e-02    98.8316          7  0.000e+00
     154023   6417.583   3246.932     2.4407     2.4397   3.242390   3.242332     1.8657 1.0000e-12 1.7641e+01     -3.163      98.46     1.8657     0.0000     0.0269     0.0000     4.9231     0.0000     0.0281     4.5995  -21.10052  -37.45356          1 2.1773e+00   62.45684    204.420      0.560     -44.65 2.8083e-02    98.8316          7  0.000e+00
     154024   6417.625   3246.963     2.4410     2.4397   3.242431   3.242303     1.8657 1.0000e-12 1.5681e+01     -3.163      98.46     1.8657     0.0000     0.0269     0.0000     4.9231     0.0000     0.0281     4.5995  -21.10052  -37.45356          1 2.1776e+00   62.45701    204.418      0.746       4.47 2.8083e-02    98.8316          7  0.000e+00
     154025   6417.667   3247.025     2.4410     2.4397   3.242449   3.242303     1.8657 1.0000e-12 1.7641e+01     -3.158      98.46     1.8657     0.0000     0.0281     0.0000     4.9231     0.0000     0.0281     4.5995  -21.10052  -37.45356          1 2.1776e+00   62.45751    204.420      1.490      17.85 2.8083e-02    98.8316          7  0.000e+00
     154026   6417.708   3247.049     2.4413     2.4394   3.242467   3.242297     1.8657 1.0000e-12 1.7641e+01     -3.163      98.46     1.8657     0.0000     0.0269     0.0000     4.9231     0.0000     0.0269     4.5995  -21.10052  -37.45356          1 2.1779e+00   62.45761    204.419      0.560     -22.33 2.6862e-02    98.8316          7  0.000e+00
     154027   6417.750   3247.087     2.4413     2.4391   3.242461   3.242303     1.8657 1.0000e-12 1.7641e+01     -3.158      98.46     1.8657     0.0000     0.0281     0.0000     4.9231     0.0000     0.0269     4.5983  -21.10052  -37.45356          1 2.1779e+00   62.45792    204.420      0.931       8.93 2.6862e-02    98.8050          7  0.000e+00
     154028   6417.792   3247.150     2.4416     2.4388   3.242478   3.242246     1.8657 1.0000e-12 1.7641e+01     -3.153      98.46     1.8657     0.0000     0.0293     0.0000     4.9231     0.0000     0.0256     4.5983  -21.10052  -37.45356          1 2.1782e+00   62.45835    204.420      1.490      13.41 2.5641e-02    98.8050          7  0.000e+00
     154029   6417.833   3247.165     2.4416     2.4388   3.242502   3.242246     1.8657 1.0000e-12 1.7641e+01     -3.153      98.46     1.8657     0.0000     0.0293     0.0000     4.9231     0.0000     0.0256     4.5983  -21.10052  -37.45356          1 2.1782e+00   62.45848    204.420      0.374     -26.79 2.5641e-02    98.8050          7  0.000e+00
     154030   6417.875   3247.204     2.4413     2.4387   3.242508   3.242263     1.8657 1.0000e-12 1.7641e+01     -3.153      98.46     1.8657     0.0000     0.0293     0.0000     4.9231     0.0000     0.0256     4.5983  -21.10052  -37.45356          1 2.1779e+00   62.45888    204.422      0.932      13.39 2.5641e-02    98.8050          7  0.000e+00
     154031   6417.917   3247.289     2.4419     2.4383   3.242526   3.242212     1.8657 1.0000e-12 1.7641e+01     -3.153      98.46     1.8657     0.0000     0.0293     0.0000     4.9231     0.0000     0.0244     4.5995  -21.10052  -37.45356          1 2.1785e+00   62.45939    204.421      2.048      26.80 2.4420e-02    98.8316          7  0.000e+00
     154032   6417.958   3247.328     2.4416     2.4385   3.242538   3.242246     1.8657 1.0000e-12 1.7641e+01     -3.158      98.46     1.8657     0.0000     0.0281     0.0000     4.9231     0.0000     0.0256     4.5983  -21.10052  -37.45356          1 2.1782e+00   62.45981    204.424      0.931     -26.81 2.5641e-02    98.8050          7  0.000e+00
     154033   6418.000   3247.382     2.4423     2.4383   3.242555   3.242206     1.8657 1.0000e-12 1.7641e+01     -3.158      98.46     1.8657     0.0000     0.0281     0.0000     4.9231     0.0000     0.0256     4.5983  -21.10052  -37.45356          1 2.1788e+00   62.46006    204.422      1.304       8.93 2.5641e-02    98.8050          7  0.000e+00
     154034   6418.042   3247.351     2.4425     2.4380   3.242573   3.242155     1.8645 1.0000e-12 1.7641e+01     -3.163      98.46     1.8645     0.0000     0.0269     0.0000     4.9231     0.0000     0.0269     4.5995  -21.10052  -37.45356          1 2.1791e+00   62.39334    204.202     -0.744     -49.13 2.6862e-02    98.8316          7  0.000e+00
     154035   6418.083   3247.445     2.4424     2.4377   3.242591   3.242212     1.8645 1.0000e-12 1.7641e+01     -3.163      98.46     1.8645     0.0000     0.0269     0.0000     4.9231     0.0000     0.0281     4.5995  -21.10052  -37.45356          1 2.1790e+00   62.39413    204.205      2.235      71.47 2.8083e-02    98.8316          7  0.000e+00
     154036   6418.125   3247.468     2.4425     2.4374   3.242597   3.242155     1.8657 1.0000e-12 1.7641e+01     -3.163      98.46     1.8657     0.0000     0.0269     0.0000     4.9231     0.0000     0.0269     4.5995  -21.10052  -37.45356          1 2.1791e+00   62.46067    204.422      0.560     -40.20 2.6862e-02    98.8316          7  0.000e+00
     154037   6418.167   3247.507     2.4429     2.4371   3.242597   3.242121     1.8657 1.0000e-12 1.7641e+01     -3.163      98.46     1.8657     0.0000     0.0269     0.0000     4.9231     0.0000     0.0293     4.5983  -21.10052  -37.45356          1 2.1794e+00   62.46089    204.422      0.932       8.94 2.9304e-02    98.8050          7  0.000e+00
     154038   6418.208   3247.569     2.4429     2.4371   3.242614   3.242098     1.8669 1.0000e-12 1.7641e+01     -3.163      98.46     1.8669     0.0000     0.0269     0.0000     4.9231     0.0000     0.0293     4.5983  -21.10052  -37.45356          1 2.1794e+00   62.52779    204.641      1.490      13.40 2.9304e-02    98.8050          7  0.000e+00
     154039   6418.250   3247.584     2.4427     2.4368   3.242608   3.242098     1.8657 1.0000e-12 1.7641e+01     -3.163      98.46     1.8657     0.0000     0.0269     0.0000     4.9231     0.0000     0.0281     4.5995  -21.10052  -37.45356          1 2.1792e+00   62.46158    204.425      0.373     -26.81 2.8083e-02    98.8316          7  0.000e+00
     154040   6418.292   3247.685     2.4429     2.4368   3.242614   3.242070     1.8657 1.0000e-12 1.7641e+01     -3.168      98.46     1.8657     0.0000     0.0256     0.0000     4.9231     0.0000     0.0293     4.5995  -21.10052  -37.45356          1 2.1794e+00   62.46235    204.426      2.420      49.13 2.9304e-02    98.8316          7  0.000e+00
     154041   6418.333   3247.646     2.4427     2.4365   3.242632   3.242058     1.8657 1.0000e-12 1.7641e+01     -3.163      98.46     1.8657     0.0000     0.0269     0.0000     4.9231     0.0000     0.0281     4.5983  -21.10052  -37.45356          1 2.1792e+00   62.46208    204.426     -0.929     -80.39 2.8083e-02    98.8050          7  0.000e+00
     154042   6418.375   3247.685     2.4429     2.4361   3.242632   3.242070     1.8657 1.0000e-12 1.7641e+01     -3.163      98.46     1.8657     0.0000     0.0269     0.0000     4.9231     0.0000     0.0281     4.5995  -21.10052  -37.45356          1 2.1794e+00   62.46235    204.426      0.932      44.67 2.8083e-02    98.8316          7  0.000e+00
     154043   6418.417   3247.747     2.4425     2.4361   3.242585   3.242036     1.8657 1.0000e-12 1.7641e+01     -3.158      98.46     1.8657     0.0000     0.0281     0.0000     4.9231     0.0000     0.0281     4.5983  -21.10052  -37.45356          1 2.1791e+00   62.46295    204.430      1.490      13.39 2.8083e-02    98.8050          7  0.000e+00
     154151   6422.917   3245.737     2.4432     2.4403   3.242596   3.242303     1.8657 1.0000e-12 1.7641e+01     -3.163      98.46     1.8657     0.0000     0.0269     0.0000     4.9231     0.0000     0.0269     4.5983  -21.10050  -37.45356          1 2.1799e+00   62.44636    204.372     -2.418    -129.53 2.6862e-02    98.8050          8  0.000e+00
     154152   6422.958   3245.714     2.4432     2.4403   3.242578   3.242360     1.8657 1.0000e-12 1.7641e+01     -3.158      98.46     1.8657     0.0000     0.0281     0.0000     4.9231     0.0000     0.0269     4.5983  -21.10050  -37.45356          1 2.1799e+00   62.44617    204.372     -0.557      44.67 2.6862e-02    98.8050          8  0.000e+00
     154153   6423.000   3245.838     2.4432     2.4405   3.242608   3.242331     1.8645 1.0000e-12 1.7641e+01     -3.163      98.46     1.8645     0.0000     0.0269     0.0000     4.9231     0.0000     0.0269     4.5983  -21.10050  -37.45356          1 2.1799e+00   62.38081    204.157      2.979      84.86 2.6862e-02    98.8050          8  0.000e+00
     154154   6423.042   3245.737     2.4431     2.4402   3.242626   3.242325     1.8645 1.0000e-12 1.7641e+01     -3.163      98.46     1.8645     0.0000     0.0269     0.0000     4.9231     0.0000     0.0256     4.5995  -21.10050  -37.45356          1 2.1798e+00   62.38004    204.155     -2.418    -129.53 2.5641e-02    98.8316          8  0.000e+00
     154155   6423.083   3245.776     2.4434     2.4403   3.242590   3.242331     1.8645 1.0000e-12 1.7641e+01     -3.168      98.46     1.8645     0.0000     0.0256     0.0000     4.9231     0.0000     0.0256     4.5983  -21.10050  -37.45356          1 2.1801e+00   62.38026    204.155      0.932      80.40 2.5641e-02    98.8050          8  0.000e+00
     154156   6423.125   3245.776     2.4434     2.4401   3.242590   3.242303     1.8657 1.0000e-12 1.7641e+01     -3.163      98.46     1.8657     0.0000     0.0269     0.0000     4.9231     0.0000     0.0256     4.5983  -21.10050  -37.45356          1 2.1801e+00   62.44663    204.372      0.001     -22.33 2.5641e-02    98.8050          8  0.000e+00
     154157   6423.167   3245.799     2.4432     2.4402   3.242578   3.242297     1.8657 1.0000e-12 1.7641e+01     -3.163      98.46     1.8657     0.0000     0.0269     0.0000     4.9231     0.0000     0.0269     4.5983  -21.10050  -37.45356          1 2.1799e+00   62.44687    204.374      0.560      13.40 2.6862e-02    98.8050          8  0.000e+00
     154158   6423.208   3245.776     2.4432     2.4403   3.242567   3.242331     1.8657 1.0000e-12 1.9601e+01     -3.163      98.46     1.8657     0.0000     0.0269     0.0000     4.9231     0.0000     0.0269     4.5983  -21.10050  -37.45356          1 2.1799e+00   62.44668    204.374     -0.557     -26.80 2.6862e-02    98.8050          8  0.000e+00
     154159   6423.250   3245.838     2.4432     2.4403   3.242567   3.242303     1.8657 1.0000e-12 1.7641e+01     -3.163      98.46     1.8657     0.0000     0.0269     0.0000     4.9231     0.0000     0.0269     4.5983  -21.10050  -37.45356          1 2.1799e+00   62.44718    204.375      1.490      49.13 2.6862e-02    98.8050          8  0.000e+00
     154160   6423.292   3245.799     2.4432     2.4401   3.242584   3.242303     1.8645 1.0000e-12 1.5681e+01     -3.163      98.46     1.8645     0.0000     0.0269     0.0000     4.9231     0.0000     0.0269     4.5983  -21.10050  -37.45356          1 2.1799e+00   62.38050    204.157     -0.929     -58.06 2.6862e-02    98.8050          8  0.000e+00
     154161   6423.333   3245.838     2.4432     2.4401   3.242596   3.242354     1.8645 1.0000e-12 1.7641e+01     -3.163      98.44     1.8645     0.0000     0.0269     0.0000     4.9219     0.0000     0.0256     4.5983  -21.10050  -37.45356          1 2.1799e+00   62.38081    204.158      0.932      44.66 2.5641e-02    98.8050          8  0.000e+00
     154162   6423.375   3245.799     2.4432     2.4399   3.242584   3.242303     1.8632 1.0000e-12 1.7641e+01     -3.163      98.46     1.8632     0.0000     0.0269     0.0000     4.9231     0.0000     0.0256     4.5983  -21.10050  -37.45356          1 2.1799e+00   62.31412    203.939     -0.929     -44.66 2.5641e-02    98.8050          8  0.000e+00
     154163   6423.417   3245.893     2.4432     2.4402   3.242590   3.242303     1.8645 1.0000e-12 1.7641e+01     -3.163      98.46     1.8645     0.0000     0.0269     0.0000     4.9231     0.0000     0.0244     4.5995  -21.10050  -37.45356          1 2.1799e+00   62.38125    204.159      2.234      75.93 2.4420e-02    98.8316          8  0.000e+00
     154164   6423.458   3245.776     2.4431     2.4399   3.242578   3.242297     1.8645 1.0000e-12 1.7641e+01     -3.163      98.46     1.8645     0.0000     0.0269     0.0000     4.9231     0.0000     0.0244     4.5983  -21.10050  -37.45356          1 2.1798e+00   62.38036    204.157     -2.790    -120.60 2.4420e-02    98.8050          8  0.000e+00
     154165   6423.500   3245.916     2.4432     2.4401   3.242584   3.242331     1.8657 1.0000e-12 1.7641e+01     -3.158      98.46     1.8657     0.0000     0.0281     0.0000     4.9231     0.0000     0.0244     4.5983  -21.10050  -37.45356          1 2.1799e+00   62.44782    204.377      3.351     147.39 2.4420e-02    98.8050          8  0.000e+00
     154166   6423.542   3245.838     2.4432     2.4402   3.242596   3.242303     1.8657 1.0000e-12 1.7641e+01     -3.163      98.44     1.8657     0.0000     0.0269     0.0000     4.9219     0.0000     0.0256     4.5983  -21.10050  -37.45356          1 2.1799e+00   62.44719    204.375     -1.860    -125.06 2.5641e-02    98.8050          8  0.000e+00
     154167   6423.583   3245.893     2.4432     2.4399   3.242578   3.242331     1.8657 1.0000e-12 1.7641e+01     -3.163      98.44     1.8657     0.0000     0.0269     0.0000     4.9219     0.0000     0.0269     4.5983  -21.10050  -37.45356          1 2.1799e+00   62.44763    204.377      1.304      75.92 2.6862e-02    98.8050          8  0.000e+00
     154168   6423.625   3245.862     2.4432     2.4401   3.242567   3.242325     1.8669 1.0000e-12 1.7641e+01     -3.158      98.46     1.8669     0.0000     0.0281     0.0000     4.9231     0.0000     0.0281     4.5983  -21.10050  -37.45356          1 2.1799e+00   62.51375    204.593     -0.743     -49.12 2.8083e-02    98.8050          8  0.000e+00
     154169   6423.667   3245.893     2.4431     2.4402   3.242596   3.242331     1.8657 1.0000e-12 1.7641e+01     -3.158      98.46     1.8657     0.0000     0.0281     0.0000     4.9231     0.0000     0.0269     4.5983  -21.10050  -37.45356          1 2.1797e+00   62.44768    204.377      0.746      35.73 2.6862e-02    98.8050          8  0.000e+00
